18
22
35
41
28
19
45
33
27
52
31
24
38
20
29
47
36
23
55
30
21
43
26
39
17
48
34
25
60
32
19
44
37
22
53
28
41
18
36
27
49
33
20
45
31
24
58
29
42
17
38
23
51
35
26
46
32
21
56
30
43
19
37
28
50
34
25
47
33
22
54
29
40
18
36
27
48
31
20
44
35
23
57
30
41
19
38
26
49
32
21
45
34
24
55
28
42
17
36
29
51
33
22
47
30
20
53
38
25
43
18
37
27
46
31
23
59
29
40
19
35
28
50
33
21
44
36
24
52
30
41
18
38
26
48
32
20
55
29
42
19
37
25
46
31
23
53
28
39
17
35
27
49
33
22
45
30
21
56
29
40
19
36
26
47
32
23
54
28
41
18
37
27
50
34
21
44
29
22
57
31
38
20
43
26
49
33
19
45
30
24
52
28
40
18
36
27
48
35
22
